0.0
0.06544984694978735
0.1308996938995747
0.19634954084936207
0.2617993877991494
0.32724923474893675
0.39269908169872414
0.4581489286485115
0.5235987755982988
0.5890486225480862
0.6544984694978735
0.7199483164476609
0.7853981633974483
0.8508480103472356
0.916297857297023
0.9817477042468102
1.0471975511965976
1.112647398146385
1.1780972450961724
1.2435470920459597
1.308996938995747
1.3744467859455345
1.4398966328953218
1.505346479845109
1.5707963267948966
1.6362461737446838
1.7016960206944711
1.7671458676442584
1.832595714594046
1.8980455615438332
1.9634954084936205
2.028945255443408
2.0943951023931953
2.1598449493429825
2.22529479629277
2.290744643242557
2.356194490192345
2.421644337142132
2.4870941840919194
2.5525440310417067
2.617993877991494
2.6834437249412812
2.748893571891069
2.8143434188408563
2.8797932657906435
2.945243112740431
3.010692959690218
3.0761428066400054
3.141592653589793
3.2070425005395804
3.2724923474893677
3.337942194439155
3.4033920413889422
3.4688418883387295
3.534291735288517
3.5997415822383045
3.665191429188092
3.730641276137879
3.7960911230876664
3.8615409700374537
3.926990816987241
3.9924406639370287
4.057890510886816
4.123340357836603
4.1887902047863905
4.254240051736178
4.319689898685965
4.385139745635753
4.45058959258554
4.516039439535327
4.581489286485114
4.646939133434902
4.71238898038469
4.7778388273344765
4.843288674284264
4.908738521234051
4.974188368183839
5.0396382151336265
5.105088062083413
5.170537909033201
5.235987755982988
5.301437602932776
5.3668874498825625
5.43233729683235
5.497787143782138
5.563236990731925
5.6286868376817125
5.694136684631499
5.759586531581287
5.825036378531074
5.890486225480862
5.955936072430649
6.021385919380436
6.086835766330224
6.152285613280011
6.2177354602297985
6.283185307179586
